61506165008
61506165009
61506165010
61506165011
61506165012
61506165013
61506165014
61506165015
61506165016
61506165017
61506165018
61506165019
61506165020
61506165021
61506165022
61506165023
61506165024
61506165025
61506165026
61506165027
61506165028
61506165029
61506165030
61506165031
61506165032
61506165033
61506165034
61506165035
61506165036
61506165037
61506165038
61506165039
61506165015
61506165009
61506165010
61506165011
61506165012
61506165022
61506165014
61506165015
61506165016
61506165017
61506165022
61506165019
61506165020
61506165021
61506165022
61506165022
61506165024
61506165015
61506165026
61506165027
61506165022
61506165029
61506165030
61506165031
61506165032
61506165022
61506165034
61506165035
61506165036
61506165037
61506165022
61506165039
61506165008
61506165009
61506165015
61506165022
61506165012
61506165013
61506165014
61506165015
61506165022
61506165017
61506165018
61506165019
61506165020
61506165022
61506165022
61506165023
61506165024
61506165025
61506165022
61506165015
61506165028
61506165029
61506165030
61506165022
61506165032
61506165033
61506165034
61506165035
61506165022
61506165037
61506165038
61506165039
61506165008
61506165022
61506165010
61506165011
