64147768272
64147768273
64147768274
64147768275
64147768276
64147768277
64147768278
64147768279
64147768280
64147768281
64147768282
64147768283
64147768284
64147768285
64147768286
64147768287
64147768288
64147768289
64147768290
64147768291
64147768292
64147768293
64147768294
64147768295
64147768296
64147768297
64147768298
64147768299
64147768300
64147768301
64147768302
64147768303
64147768279
64147768273
64147768274
64147768275
64147768276
64147768286
64147768278
64147768279
64147768280
64147768281
64147768286
64147768283
64147768284
64147768285
64147768286
64147768286
64147768288
64147768279
64147768290
64147768291
64147768286
64147768293
64147768294
64147768295
64147768296
64147768286
64147768298
64147768299
64147768300
64147768301
64147768286
64147768303
64147768272
64147768273
64147768279
64147768286
64147768276
64147768277
64147768278
64147768279
64147768286
64147768281
64147768282
64147768283
64147768284
64147768286
64147768286
64147768287
64147768288
64147768289
64147768286
64147768279
64147768292
64147768293
64147768294
64147768286
64147768296
64147768297
64147768298
64147768299
64147768286
64147768301
64147768302
64147768303
64147768272
64147768286
64147768274
64147768275
