65952001680
65952001681
65952001682
65952001683
65952001684
65952001685
65952001686
65952001687
65952001688
65952001689
65952001690
65952001691
65952001692
65952001693
65952001694
65952001695
65952001696
65952001697
65952001698
65952001699
65952001700
65952001701
65952001702
65952001703
65952001704
65952001705
65952001706
65952001707
65952001708
65952001709
65952001710
65952001711
65952001687
65952001681
65952001682
65952001683
65952001684
65952001694
65952001686
65952001687
65952001688
65952001689
65952001694
65952001691
65952001692
65952001693
65952001694
65952001694
65952001696
65952001687
65952001698
65952001699
65952001694
65952001701
65952001702
65952001703
65952001704
65952001694
65952001706
65952001707
65952001708
65952001709
65952001694
65952001711
65952001680
65952001681
65952001687
65952001694
65952001684
65952001685
65952001686
65952001687
65952001694
65952001689
65952001690
65952001691
65952001692
65952001694
65952001694
65952001695
65952001696
65952001697
65952001694
65952001687
65952001700
65952001701
65952001702
65952001694
65952001704
65952001705
65952001706
65952001707
65952001694
65952001709
65952001710
65952001711
65952001680
65952001694
65952001682
65952001683
65952001687
65952001685
65952001694
65952001687
65952001688
65952001689
65952001690
65952001694
65952001692
65952001693
65952001694
65952001695
65952001694
65952001697
65952001698
65952001699
65952001700
65952001687
65952001702
65952001703
65952001704
65952001705
65952001694
65952001707
65952001708
65952001709
65952001710
65952001694
65952001680
65952001681
65952001682
65952001683
65952001694
65952001685
65952001687
65952001687
65952001688
65952001694
65952001690
65952001691
65952001692
65952001693
65952001694
65952001695
65952001696
65952001697
65952001698
65952001694
65952001700
65952001701
65952001702
65952001687
65952001694
65952001705
65952001706
65952001707
65952001708
65952001694
65952001710
65952001711
65952001680
65952001681
65952001694
65952001683
65952001684
65952001685
65952001686
65952001694
65952001687
65952001689
65952001690
65952001691
65952001694
65952001693
65952001694
65952001695
65952001696
65952001694
65952001698
65952001699
65952001700
65952001701
65952001694
65952001703
65952001704
65952001687
65952001706
65952001694
65952001708
65952001709
65952001710
65952001711
65952001694
65952001681
65952001682
65952001683
65952001684
65952001694
65952001686
65952001687
65952001688
65952001689
65952001687
65952001691
65952001692
65952001693
65952001694
65952001694
65952001696
65952001697
65952001698
65952001699
65952001694
65952001701
65952001702
65952001703
65952001704
65952001694
65952001706
65952001687
65952001708
65952001709
65952001694
65952001711
65952001680
65952001681
65952001682
65952001694
65952001684
65952001685
65952001686
65952001687
65952001694
65952001689
65952001690
65952001691
65952001687
65952001694
65952001694
65952001695
65952001696
65952001697
65952001694
65952001699
65952001700
65952001701
65952001702
65952001694
65952001704
65952001705
65952001706
65952001707
65952001694
65952001687
65952001710
65952001711
65952001680
65952001694
65952001682
65952001683
65952001684
65952001685
65952001694
65952001687
65952001688
65952001689
65952001690
65952001694
65952001692
65952001693
65952001687
65952001695
65952001694
65952001697
65952001698
65952001699
65952001700
65952001694
65952001702
65952001703
65952001704
65952001705
65952001694
65952001707
65952001708
65952001709
65952001710
65952001687
65952001680
65952001681
65952001682
65952001683
65952001694
65952001685
65952001686
65952001687
65952001688
65952001694
65952001690
65952001691
65952001692
65952001693
65952001694
65952001695
65952001687
65952001697
65952001698
65952001694
65952001700
65952001701
65952001702
65952001703
65952001694
65952001705
65952001706
65952001707
65952001708
65952001694
65952001710
65952001711
65952001680
65952001687
65952001694
65952001683
65952001684
65952001685
65952001686
65952001694
65952001688
65952001689
65952001690
65952001691
65952001694
65952001693
65952001694
65952001695
65952001696
65952001694
65952001687
65952001699
65952001700
65952001701
65952001694
65952001703
65952001704
65952001705
65952001706
65952001694
65952001708
65952001709
65952001710
65952001711
65952001694
65952001681
65952001682
65952001687
65952001684
65952001694
65952001686
65952001687
65952001688
65952001689
65952001694
65952001691
65952001692
65952001693
65952001694
65952001694
65952001696
65952001697
65952001698
65952001699
65952001687
65952001701
65952001702
65952001703
65952001704
65952001694
65952001706
65952001707
65952001708
65952001709
65952001694
65952001711
65952001680
65952001681
65952001682
65952001694
65952001684
65952001687
65952001686
65952001687
65952001694
65952001689
65952001690
65952001691
65952001692
65952001694
65952001694
65952001695
65952001696
65952001697
65952001694
65952001699
65952001700
65952001701
65952001687
65952001694
65952001704
65952001705
65952001706
65952001707
65952001694
65952001709
65952001710
65952001711
65952001680
65952001694
65952001682
65952001683
65952001684
65952001685
65952001694
65952001687
65952001688
65952001689
65952001690
65952001694
65952001692
65952001693
65952001694
65952001695
65952001694
65952001697
65952001698
65952001699
65952001700
65952001694
65952001702
65952001703
65952001687
65952001705
65952001694
65952001707
65952001708
65952001709
65952001710
65952001694
65952001680
65952001681
65952001682
65952001683
65952001694
65952001685
65952001686
65952001687
65952001688
65952001687
65952001690
65952001691
65952001692
65952001693
65952001694
65952001695
65952001696
65952001697
65952001698
65952001694
65952001700
65952001701
65952001702
65952001703
65952001694
65952001705
65952001687
65952001707
65952001708
65952001694
65952001710
65952001711
65952001680
65952001681
65952001694
65952001683
65952001684
65952001685
65952001686
65952001694
65952001688
65952001689
65952001690
65952001687
65952001694
65952001693
65952001694
65952001695
65952001696
65952001694
65952001698
65952001699
65952001700
65952001701
65952001694
65952001703
65952001704
65952001705
65952001706
65952001694
65952001687
65952001709
65952001710
65952001711
65952001694
65952001681
65952001682
65952001683
65952001684
65952001694
65952001686
65952001687
65952001688
65952001689
65952001694
65952001691
65952001692
65952001687
65952001694
65952001694
65952001696
65952001697
65952001698
65952001699
65952001694
65952001701
65952001702
65952001703
65952001704
65952001694
65952001706
65952001707
65952001708
65952001709
65952001687
65952001711
65952001680
65952001681
65952001682
65952001694
65952001684
65952001685
65952001686
65952001687
65952001694
65952001689
65952001690
65952001691
65952001692
65952001694
65952001694
65952001687
65952001696
65952001697
65952001694
65952001699
65952001700
65952001701
65952001702
65952001694
65952001704
65952001705
65952001706
65952001707
65952001694
65952001709
65952001710
65952001711
65952001687
65952001694
65952001682
65952001683
65952001684
65952001685
65952001694
65952001687
65952001688
65952001689
65952001690
65952001694
65952001692
65952001693
65952001694
65952001695
65952001694
65952001687
65952001698
65952001699
65952001700
65952001694
65952001702
65952001703
65952001704
65952001705
65952001694
65952001707
65952001708
65952001709
65952001710
65952001694
65952001680
65952001681
65952001687
65952001683
65952001694
65952001685
65952001686
65952001687
65952001688
65952001694
65952001690
65952001691
65952001692
65952001693
65952001694
65952001695
65952001696
65952001697
65952001698
65952001687
65952001700
65952001701
65952001702
65952001703
65952001694
65952001705
65952001706
65952001707
65952001708
65952001694
65952001710
65952001711
65952001680
65952001681
65952001694
65952001683
65952001687
65952001685
65952001686
65952001694
65952001688
65952001689
65952001690
65952001691
65952001694
65952001693
65952001694
65952001695
65952001696
65952001694
65952001698
65952001699
65952001700
65952001687
65952001694
65952001703
65952001704
65952001705
65952001706
65952001694
65952001708
65952001709
65952001710
65952001711
65952001694
65952001681
65952001682
65952001683
65952001684
65952001694
65952001687
65952001687
65952001688
65952001689
65952001694
65952001691
65952001692
65952001693
65952001694
65952001694
65952001696
65952001697
65952001698
65952001699
65952001694
65952001701
65952001702
65952001687
65952001704
65952001694
65952001706
65952001707
65952001708
65952001709
65952001694
65952001711
65952001680
65952001681
65952001682
65952001694
65952001684
65952001685
65952001686
65952001687
65952001687
65952001689
65952001690
65952001691
65952001692
65952001694
65952001694
65952001695
65952001696
65952001697
65952001694
65952001699
65952001700
65952001701
65952001702
65952001694
65952001704
65952001687
65952001706
65952001707
65952001694
65952001709
65952001710
65952001711
65952001680
65952001694
65952001682
65952001683
65952001684
65952001685
65952001694
65952001687
65952001688
65952001689
65952001687
65952001694
65952001692
65952001693
65952001694
65952001695
65952001694
65952001697
65952001698
65952001699
65952001700
65952001694
65952001702
65952001703
65952001704
65952001705
65952001694
65952001687
65952001708
65952001709
65952001710
65952001694
65952001680
65952001681
65952001682
65952001683
65952001694
65952001685
65952001686
65952001687
65952001688
65952001694
65952001690
65952001691
65952001687
65952001693
65952001694
65952001695
65952001696
65952001697
65952001698
65952001694
65952001700
65952001701
65952001702
65952001703
65952001694
65952001705
65952001706
65952001707
65952001708
65952001687
65952001710
65952001711
65952001680
65952001681
65952001694
65952001683
65952001684
65952001685
65952001686
65952001694
65952001688
65952001689
65952001690
65952001691
65952001694
65952001693
65952001687
65952001695
65952001696
65952001694
65952001698
65952001699
65952001700
65952001701
65952001694
65952001703
65952001704
65952001705
65952001706
65952001694
65952001708
65952001709
65952001710
65952001687
65952001694
65952001681
65952001682
65952001683
65952001684
65952001694
65952001686
65952001687
65952001688
65952001689
65952001694
65952001691
65952001692
65952001693
65952001694
65952001694
65952001687
65952001697
65952001698
65952001699
65952001694
65952001701
65952001702
65952001703
65952001704
65952001694
65952001706
65952001707
65952001708
65952001709
65952001694
65952001711
65952001680
65952001687
65952001682
65952001694
65952001684
65952001685
65952001686
65952001687
65952001694
65952001689
65952001690
65952001691
65952001692
65952001694
65952001694
65952001695
65952001696
65952001697
65952001687
65952001699
65952001700
65952001701
65952001702
65952001694
65952001704
65952001705
65952001706
65952001707
65952001694
65952001709
65952001710
65952001711
65952001680
65952001694
65952001682
65952001687
65952001684
65952001685
65952001694
65952001687
65952001688
65952001689
65952001690
65952001694
65952001692
65952001693
65952001694
65952001695
65952001694
65952001697
65952001698
65952001699
65952001687
65952001694
65952001702
65952001703
65952001704
65952001705
65952001694
65952001707
65952001708
65952001709
65952001710
65952001694
65952001680
65952001681
65952001682
65952001683
65952001694
65952001687
65952001686
65952001687
65952001688
65952001694
65952001690
65952001691
65952001692
65952001693
65952001694
65952001695
65952001696
65952001697
65952001698
65952001694
65952001700
65952001701
65952001687
65952001703
65952001694
65952001705
65952001706
65952001707
65952001708
65952001694
65952001710
65952001711
65952001680
65952001681
65952001694
65952001683
65952001684
65952001685
65952001686
65952001687
65952001688
65952001689
65952001690
65952001691
65952001694
65952001693
65952001694
65952001695
65952001696
65952001694
65952001698
65952001699
65952001700
65952001701
65952001694
65952001703
65952001687
65952001705
65952001706
65952001694
65952001708
65952001709
65952001710
65952001711
65952001694
65952001681
65952001682
65952001683
65952001684
65952001694
65952001686
65952001687
65952001688
65952001687
65952001694
65952001691
65952001692
65952001693
65952001694
65952001694
65952001696
65952001697
65952001698
65952001699
65952001694
65952001701
65952001702
65952001703
65952001704
65952001694
65952001687
65952001707
65952001708
65952001709
65952001694
65952001711
65952001680
65952001681
65952001682
65952001694
65952001684
65952001685
65952001686
65952001687
