60512407344
60512407345
60512407346
60512407347
60512407348
60512407349
60512407350
60512407351
60512407352
60512407353
60512407354
60512407355
60512407356
60512407357
60512407358
60512407359
60512407360
60512407361
60512407362
60512407363
60512407364
60512407365
60512407366
60512407367
60512407368
60512407369
60512407370
60512407371
60512407372
60512407373
60512407374
60512407375
60512407351
60512407345
60512407346
60512407347
60512407348
60512407358
60512407350
60512407351
60512407352
60512407353
60512407358
60512407355
60512407356
60512407357
60512407358
60512407358
60512407360
60512407351
60512407362
60512407363
60512407358
60512407365
60512407366
60512407367
60512407368
60512407358
60512407370
60512407371
60512407372
60512407373
60512407358
60512407375
60512407344
60512407345
60512407351
60512407358
60512407348
60512407349
60512407350
60512407351
60512407358
60512407353
60512407354
60512407355
60512407356
60512407358
60512407358
60512407359
60512407360
60512407361
60512407358
60512407351
60512407364
60512407365
60512407366
60512407358
60512407368
60512407369
60512407370
60512407371
60512407358
60512407373
60512407374
60512407375
60512407344
60512407358
60512407346
60512407347
