60251048320
60251048321
60251048322
60251048323
60251048324
60251048325
60251048326
60251048327
60251048328
60251048329
60251048330
60251048331
60251048332
60251048333
60251048334
60251048335
60251048336
60251048337
60251048338
60251048339
60251048340
60251048341
60251048342
60251048343
60251048344
60251048345
60251048346
60251048347
60251048348
60251048349
60251048350
60251048351
60251048327
60251048321
60251048322
60251048323
60251048324
60251048334
60251048326
60251048327
60251048328
60251048329
60251048334
60251048331
60251048332
60251048333
60251048334
60251048334
60251048336
60251048327
60251048338
60251048339
60251048334
60251048341
60251048342
60251048343
60251048344
60251048334
60251048346
60251048347
60251048348
60251048349
60251048334
60251048351
60251048320
60251048321
60251048327
60251048334
60251048324
60251048325
60251048326
60251048327
60251048334
60251048329
60251048330
60251048331
60251048332
60251048334
60251048334
60251048335
60251048336
60251048337
60251048334
60251048327
60251048340
60251048341
60251048342
60251048334
60251048344
60251048345
60251048346
60251048347
60251048334
60251048349
60251048350
60251048351
60251048320
60251048334
60251048322
60251048323
60251048327
60251048325
60251048334
60251048327
60251048328
60251048329
60251048330
60251048334
60251048332
60251048333
60251048334
60251048335
60251048334
60251048337
60251048338
60251048339
60251048340
60251048327
60251048342
60251048343
60251048344
60251048345
60251048334
60251048347
60251048348
60251048349
60251048350
60251048334
60251048320
60251048321
60251048322
60251048323
60251048334
60251048325
60251048327
60251048327
60251048328
60251048334
60251048330
60251048331
60251048332
60251048333
60251048334
60251048335
60251048336
60251048337
60251048338
60251048334
60251048340
60251048341
60251048342
60251048327
60251048334
60251048345
60251048346
60251048347
60251048348
60251048334
60251048350
60251048351
60251048320
60251048321
60251048334
60251048323
60251048324
60251048325
60251048326
60251048334
60251048327
60251048329
60251048330
60251048331
60251048334
60251048333
60251048334
60251048335
60251048336
60251048334
60251048338
60251048339
60251048340
60251048341
60251048334
60251048343
60251048344
60251048327
60251048346
60251048334
60251048348
60251048349
60251048350
60251048351
60251048334
60251048321
60251048322
60251048323
60251048324
60251048334
60251048326
60251048327
60251048328
60251048329
60251048327
60251048331
60251048332
60251048333
60251048334
60251048334
60251048336
60251048337
60251048338
60251048339
60251048334
60251048341
60251048342
60251048343
60251048344
60251048334
60251048346
60251048327
60251048348
60251048349
60251048334
60251048351
60251048320
60251048321
60251048322
60251048334
60251048324
60251048325
60251048326
60251048327
60251048334
60251048329
60251048330
60251048331
60251048327
60251048334
60251048334
60251048335
60251048336
60251048337
60251048334
60251048339
60251048340
60251048341
60251048342
60251048334
60251048344
60251048345
60251048346
60251048347
60251048334
60251048327
60251048350
60251048351
60251048320
60251048334
60251048322
60251048323
60251048324
60251048325
60251048334
60251048327
60251048328
60251048329
60251048330
60251048334
60251048332
60251048333
60251048327
60251048335
60251048334
60251048337
60251048338
60251048339
60251048340
60251048334
60251048342
60251048343
60251048344
60251048345
60251048334
60251048347
60251048348
60251048349
60251048350
60251048327
60251048320
60251048321
60251048322
60251048323
60251048334
60251048325
60251048326
60251048327
60251048328
60251048334
60251048330
60251048331
60251048332
60251048333
60251048334
60251048335
60251048327
60251048337
60251048338
60251048334
60251048340
60251048341
60251048342
60251048343
60251048334
60251048345
60251048346
60251048347
60251048348
60251048334
60251048350
60251048351
60251048320
60251048327
60251048334
60251048323
60251048324
60251048325
60251048326
60251048334
60251048328
60251048329
60251048330
60251048331
60251048334
60251048333
60251048334
60251048335
60251048336
60251048334
60251048327
60251048339
60251048340
60251048341
60251048334
60251048343
60251048344
60251048345
60251048346
60251048334
60251048348
60251048349
60251048350
60251048351
60251048334
60251048321
60251048322
60251048327
60251048324
60251048334
60251048326
60251048327
60251048328
60251048329
60251048334
60251048331
60251048332
60251048333
60251048334
60251048334
60251048336
60251048337
60251048338
60251048339
60251048327
60251048341
60251048342
60251048343
60251048344
60251048334
60251048346
60251048347
60251048348
60251048349
60251048334
60251048351
60251048320
60251048321
60251048322
60251048334
60251048324
60251048327
60251048326
60251048327
60251048334
60251048329
60251048330
60251048331
60251048332
60251048334
60251048334
60251048335
60251048336
60251048337
60251048334
60251048339
60251048340
60251048341
60251048327
60251048334
60251048344
60251048345
60251048346
60251048347
60251048334
60251048349
60251048350
60251048351
60251048320
60251048334
60251048322
60251048323
60251048324
60251048325
60251048334
60251048327
60251048328
60251048329
60251048330
60251048334
60251048332
60251048333
60251048334
60251048335
60251048334
60251048337
60251048338
60251048339
60251048340
60251048334
60251048342
60251048343
60251048327
60251048345
60251048334
60251048347
60251048348
60251048349
60251048350
60251048334
60251048320
60251048321
60251048322
60251048323
60251048334
60251048325
60251048326
60251048327
60251048328
60251048327
60251048330
60251048331
60251048332
60251048333
60251048334
60251048335
60251048336
60251048337
60251048338
60251048334
60251048340
60251048341
60251048342
60251048343
60251048334
60251048345
60251048327
60251048347
60251048348
60251048334
60251048350
60251048351
60251048320
60251048321
60251048334
60251048323
60251048324
60251048325
60251048326
60251048334
60251048328
60251048329
60251048330
60251048327
60251048334
60251048333
60251048334
60251048335
60251048336
60251048334
60251048338
60251048339
60251048340
60251048341
60251048334
60251048343
60251048344
60251048345
60251048346
60251048334
60251048327
60251048349
60251048350
60251048351
60251048334
60251048321
60251048322
60251048323
60251048324
60251048334
60251048326
60251048327
60251048328
60251048329
60251048334
60251048331
60251048332
60251048327
60251048334
60251048334
60251048336
60251048337
60251048338
60251048339
60251048334
60251048341
60251048342
60251048343
60251048344
60251048334
60251048346
60251048347
60251048348
60251048349
60251048327
60251048351
60251048320
60251048321
60251048322
60251048334
60251048324
60251048325
60251048326
60251048327
60251048334
60251048329
60251048330
60251048331
60251048332
60251048334
60251048334
60251048327
60251048336
60251048337
60251048334
60251048339
60251048340
60251048341
60251048342
60251048334
60251048344
60251048345
60251048346
60251048347
60251048334
60251048349
60251048350
60251048351
60251048327
60251048334
60251048322
60251048323
60251048324
60251048325
60251048334
60251048327
60251048328
60251048329
60251048330
60251048334
60251048332
60251048333
60251048334
60251048335
60251048334
60251048327
60251048338
60251048339
60251048340
60251048334
60251048342
60251048343
60251048344
60251048345
60251048334
60251048347
60251048348
60251048349
60251048350
60251048334
60251048320
60251048321
60251048327
60251048323
60251048334
60251048325
60251048326
60251048327
60251048328
60251048334
60251048330
60251048331
60251048332
60251048333
60251048334
60251048335
60251048336
60251048337
60251048338
60251048327
60251048340
60251048341
60251048342
60251048343
60251048334
60251048345
60251048346
60251048347
60251048348
60251048334
60251048350
60251048351
60251048320
60251048321
60251048334
60251048323
60251048327
60251048325
60251048326
60251048334
60251048328
60251048329
60251048330
60251048331
60251048334
60251048333
60251048334
60251048335
60251048336
60251048334
60251048338
60251048339
60251048340
60251048327
60251048334
60251048343
60251048344
60251048345
60251048346
60251048334
60251048348
60251048349
60251048350
60251048351
60251048334
60251048321
60251048322
60251048323
60251048324
60251048334
60251048327
60251048327
60251048328
60251048329
60251048334
60251048331
60251048332
60251048333
60251048334
60251048334
60251048336
60251048337
60251048338
60251048339
60251048334
60251048341
60251048342
60251048327
60251048344
60251048334
60251048346
60251048347
60251048348
60251048349
60251048334
60251048351
60251048320
60251048321
60251048322
60251048334
60251048324
60251048325
60251048326
60251048327
60251048327
60251048329
60251048330
60251048331
60251048332
60251048334
60251048334
60251048335
60251048336
60251048337
60251048334
60251048339
60251048340
60251048341
60251048342
60251048334
60251048344
60251048327
60251048346
60251048347
60251048334
60251048349
60251048350
60251048351
60251048320
60251048334
60251048322
60251048323
60251048324
60251048325
60251048334
60251048327
60251048328
60251048329
60251048327
60251048334
60251048332
60251048333
60251048334
60251048335
60251048334
60251048337
60251048338
60251048339
60251048340
60251048334
60251048342
60251048343
60251048344
60251048345
60251048334
60251048327
60251048348
60251048349
60251048350
60251048334
60251048320
60251048321
60251048322
60251048323
60251048334
60251048325
60251048326
60251048327
60251048328
60251048334
60251048330
60251048331
60251048327
60251048333
60251048334
60251048335
60251048336
60251048337
60251048338
60251048334
60251048340
60251048341
60251048342
60251048343
60251048334
60251048345
60251048346
60251048347
60251048348
60251048327
60251048350
60251048351
60251048320
60251048321
60251048334
60251048323
60251048324
60251048325
60251048326
60251048334
60251048328
60251048329
60251048330
60251048331
60251048334
60251048333
60251048327
60251048335
60251048336
60251048334
60251048338
60251048339
60251048340
60251048341
60251048334
60251048343
60251048344
60251048345
60251048346
60251048334
60251048348
60251048349
60251048350
60251048327
60251048334
60251048321
60251048322
60251048323
60251048324
60251048334
60251048326
60251048327
60251048328
60251048329
60251048334
60251048331
60251048332
60251048333
60251048334
60251048334
60251048327
60251048337
60251048338
60251048339
60251048334
60251048341
60251048342
60251048343
60251048344
60251048334
60251048346
60251048347
60251048348
60251048349
60251048334
60251048351
60251048320
60251048327
60251048322
60251048334
60251048324
60251048325
60251048326
60251048327
60251048334
60251048329
60251048330
60251048331
60251048332
60251048334
60251048334
60251048335
60251048336
60251048337
60251048327
60251048339
60251048340
60251048341
60251048342
60251048334
60251048344
60251048345
60251048346
60251048347
60251048334
60251048349
60251048350
60251048351
60251048320
60251048334
60251048322
60251048327
60251048324
60251048325
60251048334
60251048327
60251048328
60251048329
60251048330
60251048334
60251048332
60251048333
60251048334
60251048335
60251048334
60251048337
60251048338
60251048339
60251048327
60251048334
60251048342
60251048343
60251048344
60251048345
60251048334
60251048347
60251048348
60251048349
60251048350
60251048334
60251048320
60251048321
60251048322
60251048323
60251048334
60251048327
60251048326
60251048327
60251048328
60251048334
60251048330
60251048331
60251048332
60251048333
60251048334
60251048335
60251048336
60251048337
60251048338
60251048334
60251048340
60251048341
60251048327
60251048343
60251048334
60251048345
60251048346
60251048347
60251048348
60251048334
60251048350
60251048351
60251048320
60251048321
60251048334
60251048323
60251048324
60251048325
60251048326
60251048327
60251048328
60251048329
60251048330
60251048331
60251048334
60251048333
60251048334
60251048335
60251048336
60251048334
60251048338
60251048339
60251048340
60251048341
60251048334
60251048343
60251048327
60251048345
60251048346
60251048334
60251048348
60251048349
60251048350
60251048351
60251048334
60251048321
60251048322
60251048323
60251048324
60251048334
60251048326
60251048327
